# oST version 5.0 parameters


[image]

width
1280

height
720

[narrow_stereo]

camera matrix
935.429597 0.000000 585.353726
0.000000 937.082609 329.996295
0.000000 0.000000 1.000000

distortion
0.017023 -0.077958 -0.003453 -0.016462 0.000000

rectification
1.000000 0.000000 0.000000
0.000000 1.000000 0.000000
0.000000 0.000000 1.000000

projection
915.313660 0.000000 558.057049 0.000000
0.000000 946.857239 327.631695 0.000000
0.000000 0.000000 1.000000 0.000000

